512128 - avg_pooling_CNN_training.h5
              precision    recall  f1-score   support

           0       0.74      0.77      0.75      1000
           1       0.83      0.82      0.82      1000
           2       0.61      0.58      0.59      1000
           3       0.53      0.50      0.52      1000
           4       0.65      0.65      0.65      1000
           5       0.59      0.57      0.58      1000
           6       0.74      0.80      0.77      1000
           7       0.75      0.76      0.75      1000
           8       0.81      0.84      0.82      1000
           9       0.78      0.77      0.78      1000

    accuracy                           0.71     10000
   macro avg       0.70      0.71      0.70     10000
weighted avg       0.70      0.71      0.70     10000

512128 - basic_CNN_training.h5
              precision    recall  f1-score   support

           0       0.82      0.76      0.79      1000
           1       0.88      0.88      0.88      1000
           2       0.68      0.64      0.66      1000
           3       0.60      0.62      0.61      1000
           4       0.75      0.76      0.75      1000
           5       0.65      0.74      0.69      1000
           6       0.82      0.82      0.82      1000
           7       0.85      0.79      0.82      1000
           8       0.87      0.85      0.86      1000
           9       0.84      0.85      0.84      1000

    accuracy                           0.77     10000
   macro avg       0.77      0.77      0.77     10000
weighted avg       0.77      0.77      0.77     10000

512128 - strided_CNN_training.h5
              precision    recall  f1-score   support

           0       0.76      0.74      0.75      1000
           1       0.84      0.84      0.84      1000
           2       0.63      0.59      0.61      1000
           3       0.54      0.49      0.51      1000
           4       0.66      0.66      0.66      1000
           5       0.61      0.61      0.61      1000
           6       0.73      0.82      0.77      1000
           7       0.79      0.76      0.77      1000
           8       0.81      0.85      0.83      1000
           9       0.79      0.81      0.80      1000

    accuracy                           0.72     10000
   macro avg       0.72      0.72      0.72     10000
weighted avg       0.72      0.72      0.72     10000

512128 - strided_CNN_training_2.h5
              precision    recall  f1-score   support

           0       0.74      0.78      0.76      1000
           1       0.85      0.87      0.86      1000
           2       0.63      0.61      0.62      1000
           3       0.55      0.53      0.54      1000
           4       0.70      0.70      0.70      1000
           5       0.65      0.61      0.63      1000
           6       0.78      0.81      0.79      1000
           7       0.77      0.78      0.78      1000
           8       0.84      0.82      0.83      1000
           9       0.83      0.84      0.83      1000

    accuracy                           0.74     10000
   macro avg       0.73      0.74      0.73     10000
weighted avg       0.73      0.74      0.73     10000

