102410 - avg_pooling_CNN_training.h5
              precision    recall  f1-score   support

           0       0.75      0.77      0.76      1000
           1       0.83      0.82      0.82      1000
           2       0.63      0.58      0.61      1000
           3       0.54      0.51      0.52      1000
           4       0.66      0.70      0.68      1000
           5       0.62      0.61      0.61      1000
           6       0.76      0.81      0.78      1000
           7       0.78      0.77      0.78      1000
           8       0.82      0.85      0.83      1000
           9       0.80      0.80      0.80      1000

    accuracy                           0.72     10000
   macro avg       0.72      0.72      0.72     10000
weighted avg       0.72      0.72      0.72     10000

102410 - basic_CNN_training.h5
              precision    recall  f1-score   support

           0       0.81      0.80      0.80      1000
           1       0.91      0.87      0.89      1000
           2       0.70      0.70      0.70      1000
           3       0.62      0.61      0.61      1000
           4       0.74      0.77      0.76      1000
           5       0.72      0.67      0.69      1000
           6       0.80      0.84      0.82      1000
           7       0.84      0.81      0.83      1000
           8       0.86      0.89      0.87      1000
           9       0.83      0.88      0.85      1000

    accuracy                           0.78     10000
   macro avg       0.78      0.78      0.78     10000
weighted avg       0.78      0.78      0.78     10000

102410 - strided_CNN_training.h5
              precision    recall  f1-score   support

           0       0.72      0.76      0.74      1000
           1       0.81      0.79      0.80      1000
           2       0.60      0.55      0.57      1000
           3       0.52      0.47      0.50      1000
           4       0.62      0.63      0.62      1000
           5       0.60      0.57      0.59      1000
           6       0.72      0.78      0.75      1000
           7       0.71      0.74      0.72      1000
           8       0.81      0.83      0.82      1000
           9       0.75      0.77      0.76      1000

    accuracy                           0.69     10000
   macro avg       0.69      0.69      0.69     10000
weighted avg       0.69      0.69      0.69     10000

102410 - strided_CNN_training_2.h5
              precision    recall  f1-score   support

           0       0.77      0.76      0.76      1000
           1       0.83      0.82      0.83      1000
           2       0.61      0.59      0.60      1000
           3       0.52      0.49      0.50      1000
           4       0.64      0.64      0.64      1000
           5       0.57      0.57      0.57      1000
           6       0.74      0.80      0.77      1000
           7       0.75      0.74      0.75      1000
           8       0.81      0.83      0.82      1000
           9       0.78      0.78      0.78      1000

    accuracy                           0.70     10000
   macro avg       0.70      0.70      0.70     10000
weighted avg       0.70      0.70      0.70     10000

