102410 - avg_pooling_CNN_training.h5
              precision    recall  f1-score   support

           0       0.75      0.77      0.76      1000
           1       0.83      0.82      0.82      1000
           2       0.63      0.58      0.61      1000
           3       0.54      0.51      0.52      1000
           4       0.66      0.70      0.68      1000
           5       0.62      0.61      0.61      1000
           6       0.76      0.81      0.78      1000
           7       0.78      0.77      0.78      1000
           8       0.82      0.85      0.83      1000
           9       0.80      0.80      0.80      1000

    accuracy                           0.72     10000
   macro avg       0.72      0.72      0.72     10000
weighted avg       0.72      0.72      0.72     10000

102410 - basic_CNN_training.h5
              precision    recall  f1-score   support

           0       0.81      0.80      0.80      1000
           1       0.91      0.87      0.89      1000
           2       0.70      0.70      0.70      1000
           3       0.62      0.61      0.61      1000
           4       0.74      0.77      0.76      1000
           5       0.72      0.67      0.69      1000
           6       0.80      0.84      0.82      1000
           7       0.84      0.81      0.83      1000
           8       0.86      0.89      0.87      1000
           9       0.83      0.88      0.85      1000

    accuracy                           0.78     10000
   macro avg       0.78      0.78      0.78     10000
weighted avg       0.78      0.78      0.78     10000

102410 - strided_CNN_training.h5
              precision    recall  f1-score   support

           0       0.72      0.76      0.74      1000
           1       0.81      0.79      0.80      1000
           2       0.60      0.55      0.57      1000
           3       0.52      0.47      0.50      1000
           4       0.62      0.63      0.62      1000
           5       0.60      0.57      0.59      1000
           6       0.72      0.78      0.75      1000
           7       0.71      0.74      0.72      1000
           8       0.81      0.83      0.82      1000
           9       0.75      0.77      0.76      1000

    accuracy                           0.69     10000
   macro avg       0.69      0.69      0.69     10000
weighted avg       0.69      0.69      0.69     10000

102410 - strided_CNN_training_2.h5
              precision    recall  f1-score   support

           0       0.77      0.76      0.76      1000
           1       0.83      0.82      0.83      1000
           2       0.61      0.59      0.60      1000
           3       0.52      0.49      0.50      1000
           4       0.64      0.64      0.64      1000
           5       0.57      0.57      0.57      1000
           6       0.74      0.80      0.77      1000
           7       0.75      0.74      0.75      1000
           8       0.81      0.83      0.82      1000
           9       0.78      0.78      0.78      1000

    accuracy                           0.70     10000
   macro avg       0.70      0.70      0.70     10000
weighted avg       0.70      0.70      0.70     10000

1024128 - avg_pooling_CNN_training.h5
              precision    recall  f1-score   support

           0       0.74      0.78      0.76      1000
           1       0.85      0.85      0.85      1000
           2       0.65      0.61      0.63      1000
           3       0.57      0.52      0.54      1000
           4       0.68      0.71      0.69      1000
           5       0.64      0.65      0.64      1000
           6       0.78      0.80      0.79      1000
           7       0.78      0.78      0.78      1000
           8       0.86      0.86      0.86      1000
           9       0.82      0.82      0.82      1000

    accuracy                           0.74     10000
   macro avg       0.74      0.74      0.74     10000
weighted avg       0.74      0.74      0.74     10000

1024128 - basic_CNN_training.h5
              precision    recall  f1-score   support

           0       0.80      0.80      0.80      1000
           1       0.87      0.89      0.88      1000
           2       0.69      0.65      0.67      1000
           3       0.61      0.59      0.60      1000
           4       0.78      0.72      0.75      1000
           5       0.69      0.67      0.68      1000
           6       0.80      0.85      0.83      1000
           7       0.78      0.84      0.81      1000
           8       0.86      0.89      0.87      1000
           9       0.85      0.84      0.85      1000

    accuracy                           0.77     10000
   macro avg       0.77      0.77      0.77     10000
weighted avg       0.77      0.77      0.77     10000

1024128 - strided_CNN_training.h5
              precision    recall  f1-score   support

           0       0.72      0.77      0.74      1000
           1       0.80      0.79      0.80      1000
           2       0.59      0.57      0.58      1000
           3       0.51      0.48      0.49      1000
           4       0.65      0.67      0.66      1000
           5       0.59      0.61      0.60      1000
           6       0.77      0.78      0.78      1000
           7       0.76      0.73      0.75      1000
           8       0.81      0.83      0.82      1000
           9       0.75      0.75      0.75      1000

    accuracy                           0.70     10000
   macro avg       0.70      0.70      0.70     10000
weighted avg       0.70      0.70      0.70     10000

1024128 - strided_CNN_training_2.h5
              precision    recall  f1-score   support

           0       0.77      0.79      0.78      1000
           1       0.87      0.86      0.87      1000
           2       0.65      0.64      0.64      1000
           3       0.58      0.57      0.58      1000
           4       0.71      0.73      0.72      1000
           5       0.66      0.62      0.64      1000
           6       0.81      0.84      0.83      1000
           7       0.80      0.78      0.79      1000
           8       0.83      0.85      0.84      1000
           9       0.83      0.85      0.84      1000

    accuracy                           0.75     10000
   macro avg       0.75      0.75      0.75     10000
weighted avg       0.75      0.75      0.75     10000

51210 - avg_pooling_CNN_training.h5
              precision    recall  f1-score   support

           0       0.74      0.79      0.76      1000
           1       0.83      0.82      0.82      1000
           2       0.64      0.58      0.61      1000
           3       0.52      0.47      0.49      1000
           4       0.66      0.67      0.66      1000
           5       0.61      0.61      0.61      1000
           6       0.74      0.81      0.77      1000
           7       0.75      0.78      0.76      1000
           8       0.83      0.82      0.83      1000
           9       0.77      0.78      0.78      1000

    accuracy                           0.71     10000
   macro avg       0.71      0.71      0.71     10000
weighted avg       0.71      0.71      0.71     10000

51210 - basic_CNN_training.h5
              precision    recall  f1-score   support

           0       0.80      0.80      0.80      1000
           1       0.88      0.88      0.88      1000
           2       0.71      0.65      0.68      1000
           3       0.60      0.59      0.59      1000
           4       0.74      0.74      0.74      1000
           5       0.65      0.68      0.66      1000
           6       0.80      0.81      0.81      1000
           7       0.80      0.81      0.81      1000
           8       0.85      0.87      0.86      1000
           9       0.85      0.85      0.85      1000

    accuracy                           0.77     10000
   macro avg       0.77      0.77      0.77     10000
weighted avg       0.77      0.77      0.77     10000

51210 - strided_CNN_training.h5
              precision    recall  f1-score   support

           0       0.77      0.66      0.71      1000
           1       0.80      0.77      0.79      1000
           2       0.56      0.54      0.55      1000
           3       0.50      0.46      0.48      1000
           4       0.57      0.66      0.61      1000
           5       0.60      0.50      0.55      1000
           6       0.69      0.79      0.74      1000
           7       0.69      0.73      0.71      1000
           8       0.77      0.82      0.79      1000
           9       0.73      0.75      0.74      1000

    accuracy                           0.67     10000
   macro avg       0.67      0.67      0.67     10000
weighted avg       0.67      0.67      0.67     10000

51210 - strided_CNN_training_2.h5
              precision    recall  f1-score   support

           0       0.75      0.73      0.74      1000
           1       0.77      0.81      0.79      1000
           2       0.58      0.55      0.57      1000
           3       0.52      0.40      0.46      1000
           4       0.60      0.64      0.62      1000
           5       0.57      0.63      0.59      1000
           6       0.70      0.77      0.73      1000
           7       0.76      0.70      0.73      1000
           8       0.80      0.83      0.81      1000
           9       0.72      0.74      0.73      1000

    accuracy                           0.68     10000
   macro avg       0.68      0.68      0.68     10000
weighted avg       0.68      0.68      0.68     10000

512128 - avg_pooling_CNN_training.h5
              precision    recall  f1-score   support

           0       0.74      0.77      0.75      1000
           1       0.83      0.82      0.82      1000
           2       0.61      0.58      0.59      1000
           3       0.53      0.50      0.52      1000
           4       0.65      0.65      0.65      1000
           5       0.59      0.57      0.58      1000
           6       0.74      0.80      0.77      1000
           7       0.75      0.76      0.75      1000
           8       0.81      0.84      0.82      1000
           9       0.78      0.77      0.78      1000

    accuracy                           0.71     10000
   macro avg       0.70      0.71      0.70     10000
weighted avg       0.70      0.71      0.70     10000

512128 - basic_CNN_training.h5
              precision    recall  f1-score   support

           0       0.82      0.76      0.79      1000
           1       0.88      0.88      0.88      1000
           2       0.68      0.64      0.66      1000
           3       0.60      0.62      0.61      1000
           4       0.75      0.76      0.75      1000
           5       0.65      0.74      0.69      1000
           6       0.82      0.82      0.82      1000
           7       0.85      0.79      0.82      1000
           8       0.87      0.85      0.86      1000
           9       0.84      0.85      0.84      1000

    accuracy                           0.77     10000
   macro avg       0.77      0.77      0.77     10000
weighted avg       0.77      0.77      0.77     10000

512128 - strided_CNN_training.h5
              precision    recall  f1-score   support

           0       0.76      0.74      0.75      1000
           1       0.84      0.84      0.84      1000
           2       0.63      0.59      0.61      1000
           3       0.54      0.49      0.51      1000
           4       0.66      0.66      0.66      1000
           5       0.61      0.61      0.61      1000
           6       0.73      0.82      0.77      1000
           7       0.79      0.76      0.77      1000
           8       0.81      0.85      0.83      1000
           9       0.79      0.81      0.80      1000

    accuracy                           0.72     10000
   macro avg       0.72      0.72      0.72     10000
weighted avg       0.72      0.72      0.72     10000

512128 - strided_CNN_training_2.h5
              precision    recall  f1-score   support

           0       0.74      0.78      0.76      1000
           1       0.85      0.87      0.86      1000
           2       0.63      0.61      0.62      1000
           3       0.55      0.53      0.54      1000
           4       0.70      0.70      0.70      1000
           5       0.65      0.61      0.63      1000
           6       0.78      0.81      0.79      1000
           7       0.77      0.78      0.78      1000
           8       0.84      0.82      0.83      1000
           9       0.83      0.84      0.83      1000

    accuracy                           0.74     10000
   macro avg       0.73      0.74      0.73     10000
weighted avg       0.73      0.74      0.73     10000

