1024128 - avg_pooling_CNN_training.h5
              precision    recall  f1-score   support

           0       0.74      0.78      0.76      1000
           1       0.85      0.85      0.85      1000
           2       0.65      0.61      0.63      1000
           3       0.57      0.52      0.54      1000
           4       0.68      0.71      0.69      1000
           5       0.64      0.65      0.64      1000
           6       0.78      0.80      0.79      1000
           7       0.78      0.78      0.78      1000
           8       0.86      0.86      0.86      1000
           9       0.82      0.82      0.82      1000

    accuracy                           0.74     10000
   macro avg       0.74      0.74      0.74     10000
weighted avg       0.74      0.74      0.74     10000

1024128 - basic_CNN_training.h5
              precision    recall  f1-score   support

           0       0.80      0.80      0.80      1000
           1       0.87      0.89      0.88      1000
           2       0.69      0.65      0.67      1000
           3       0.61      0.59      0.60      1000
           4       0.78      0.72      0.75      1000
           5       0.69      0.67      0.68      1000
           6       0.80      0.85      0.83      1000
           7       0.78      0.84      0.81      1000
           8       0.86      0.89      0.87      1000
           9       0.85      0.84      0.85      1000

    accuracy                           0.77     10000
   macro avg       0.77      0.77      0.77     10000
weighted avg       0.77      0.77      0.77     10000

1024128 - strided_CNN_training.h5
              precision    recall  f1-score   support

           0       0.72      0.77      0.74      1000
           1       0.80      0.79      0.80      1000
           2       0.59      0.57      0.58      1000
           3       0.51      0.48      0.49      1000
           4       0.65      0.67      0.66      1000
           5       0.59      0.61      0.60      1000
           6       0.77      0.78      0.78      1000
           7       0.76      0.73      0.75      1000
           8       0.81      0.83      0.82      1000
           9       0.75      0.75      0.75      1000

    accuracy                           0.70     10000
   macro avg       0.70      0.70      0.70     10000
weighted avg       0.70      0.70      0.70     10000

1024128 - strided_CNN_training_2.h5
              precision    recall  f1-score   support

           0       0.77      0.79      0.78      1000
           1       0.87      0.86      0.87      1000
           2       0.65      0.64      0.64      1000
           3       0.58      0.57      0.58      1000
           4       0.71      0.73      0.72      1000
           5       0.66      0.62      0.64      1000
           6       0.81      0.84      0.83      1000
           7       0.80      0.78      0.79      1000
           8       0.83      0.85      0.84      1000
           9       0.83      0.85      0.84      1000

    accuracy                           0.75     10000
   macro avg       0.75      0.75      0.75     10000
weighted avg       0.75      0.75      0.75     10000

