basic_CNN_training.h5_selu predict result
              precision    recall  f1-score   support

           0  0.8018292683 0.7890000000 0.7953629032      1000
           1  0.9147368421 0.8690000000 0.8912820513      1000
           2  0.7130620985 0.6660000000 0.6887280248      1000
           3  0.6124634859 0.6290000000 0.6206216083      1000
           4  0.7627291242 0.7490000000 0.7558022200      1000
           5  0.6707663198 0.7090000000 0.6893534273      1000
           6  0.8149224806 0.8410000000 0.8277559055      1000
           7  0.8153241650 0.8300000000 0.8225966303      1000
           8  0.8746268657 0.8790000000 0.8768079800      1000
           9  0.8526211672 0.8620000000 0.8572849329      1000

    accuracy                      0.7823000000     10000
   macro avg  0.7833081817 0.7823000000 0.7825595684     10000
weighted avg  0.7833081817 0.7823000000 0.7825595684     10000


concat_CNN_training.h5_selu predict result
              precision    recall  f1-score   support

           0  0.7429679922 0.7660000000 0.7543082226      1000
           1  0.8655207280 0.8560000000 0.8607340372      1000
           2  0.6404145078 0.6180000000 0.6290076336      1000
           3  0.5672766416 0.5270000000 0.5463970969      1000
           4  0.7016361886 0.7290000000 0.7150564002      1000
           5  0.6507614213 0.6410000000 0.6458438287      1000
           6  0.7958015267 0.8340000000 0.8144531250      1000
           7  0.7882703777 0.7930000000 0.7906281157      1000
           8  0.8490566038 0.8550000000 0.8520179372      1000
           9  0.8301698302 0.8310000000 0.8305847076      1000

    accuracy                      0.7450000000     10000
   macro avg  0.7431875818 0.7450000000 0.7439031105     10000
weighted avg  0.7431875818 0.7450000000 0.7439031105     10000


strided_CNN_training.h5_selu predict result
              precision    recall  f1-score   support

           0  0.7629558541 0.7950000000 0.7786483839      1000
           1  0.8713567839 0.8670000000 0.8691729323      1000
           2  0.6591397849 0.6130000000 0.6352331606      1000
           3  0.5794491525 0.5470000000 0.5627572016      1000
           4  0.6944704780 0.7410000000 0.7169811321      1000
           5  0.6631578947 0.6300000000 0.6461538462      1000
           6  0.8106796117 0.8350000000 0.8226600985      1000
           7  0.7795275591 0.7920000000 0.7857142857      1000
           8  0.8396039604 0.8480000000 0.8437810945      1000
           9  0.8326771654 0.8460000000 0.8392857143      1000

    accuracy                      0.7514000000     10000
   macro avg  0.7493018245 0.7514000000 0.7500387850     10000
weighted avg  0.7493018245 0.7514000000 0.7500387850     10000


basic_CNN_training.h5_swish predict result
              precision    recall  f1-score   support

           0  0.7548928239 0.8100000000 0.7814761216      1000
           1  0.8680203046 0.8550000000 0.8614609572      1000
           2  0.6744186047 0.6380000000 0.6557040082      1000
           3  0.6081370450 0.5680000000 0.5873836608      1000
           4  0.7206165703 0.7480000000 0.7340529931      1000
           5  0.6700715015 0.6560000000 0.6629610915      1000
           6  0.8013565891 0.8270000000 0.8139763780      1000
           7  0.7900000000 0.7900000000 0.7900000000      1000
           8  0.8614762386 0.8520000000 0.8567119155      1000
           9  0.8261718750 0.8460000000 0.8359683794      1000

    accuracy                      0.7590000000     10000
   macro avg  0.7575161553 0.7590000000 0.7579695505     10000
weighted avg  0.7575161553 0.7590000000 0.7579695505     10000


concat_CNN_training.h5_swish predict result
              precision    recall  f1-score   support

           0  0.7090909091 0.7410000000 0.7246943765      1000
           1  0.7480769231 0.7780000000 0.7627450980      1000
           2  0.5929411765 0.5040000000 0.5448648649      1000
           3  0.4805327869 0.4690000000 0.4746963563      1000
           4  0.5785440613 0.6040000000 0.5909980431      1000
           5  0.5391752577 0.5230000000 0.5309644670      1000
           6  0.7220630372 0.7560000000 0.7386419150      1000
           7  0.6807051910 0.6950000000 0.6877783276      1000
           8  0.7529182879 0.7740000000 0.7633136095      1000
           9  0.7058222676 0.6910000000 0.6983324912      1000

    accuracy                      0.6535000000     10000
   macro avg  0.6509869898 0.6535000000 0.6517029549     10000
weighted avg  0.6509869898 0.6535000000 0.6517029549     10000


strided_CNN_training.h5_swish predict result
              precision    recall  f1-score   support

           0  0.7142857143 0.7350000000 0.7244948250      1000
           1  0.7959595960 0.7880000000 0.7919597990      1000
           2  0.5824524313 0.5510000000 0.5662898253      1000
           3  0.4947807933 0.4740000000 0.4841675179      1000
           4  0.5977933801 0.5960000000 0.5968953430      1000
           5  0.5696594427 0.5520000000 0.5606907059      1000
           6  0.7099447514 0.7710000000 0.7392138063      1000
           7  0.7249747219 0.7170000000 0.7209653092      1000
           8  0.7781036168 0.7960000000 0.7869500741      1000
           9  0.7295162883 0.7390000000 0.7342275211      1000

    accuracy                      0.6719000000     10000
   macro avg  0.6697470736 0.6719000000 0.6705854727     10000
weighted avg  0.6697470736 0.6719000000 0.6705854727     10000


