51210 - avg_pooling_CNN_training.h5
              precision    recall  f1-score   support

           0       0.74      0.79      0.76      1000
           1       0.83      0.82      0.82      1000
           2       0.64      0.58      0.61      1000
           3       0.52      0.47      0.49      1000
           4       0.66      0.67      0.66      1000
           5       0.61      0.61      0.61      1000
           6       0.74      0.81      0.77      1000
           7       0.75      0.78      0.76      1000
           8       0.83      0.82      0.83      1000
           9       0.77      0.78      0.78      1000

    accuracy                           0.71     10000
   macro avg       0.71      0.71      0.71     10000
weighted avg       0.71      0.71      0.71     10000

51210 - basic_CNN_training.h5
              precision    recall  f1-score   support

           0       0.80      0.80      0.80      1000
           1       0.88      0.88      0.88      1000
           2       0.71      0.65      0.68      1000
           3       0.60      0.59      0.59      1000
           4       0.74      0.74      0.74      1000
           5       0.65      0.68      0.66      1000
           6       0.80      0.81      0.81      1000
           7       0.80      0.81      0.81      1000
           8       0.85      0.87      0.86      1000
           9       0.85      0.85      0.85      1000

    accuracy                           0.77     10000
   macro avg       0.77      0.77      0.77     10000
weighted avg       0.77      0.77      0.77     10000

51210 - strided_CNN_training.h5
              precision    recall  f1-score   support

           0       0.77      0.66      0.71      1000
           1       0.80      0.77      0.79      1000
           2       0.56      0.54      0.55      1000
           3       0.50      0.46      0.48      1000
           4       0.57      0.66      0.61      1000
           5       0.60      0.50      0.55      1000
           6       0.69      0.79      0.74      1000
           7       0.69      0.73      0.71      1000
           8       0.77      0.82      0.79      1000
           9       0.73      0.75      0.74      1000

    accuracy                           0.67     10000
   macro avg       0.67      0.67      0.67     10000
weighted avg       0.67      0.67      0.67     10000

51210 - strided_CNN_training_2.h5
              precision    recall  f1-score   support

           0       0.75      0.73      0.74      1000
           1       0.77      0.81      0.79      1000
           2       0.58      0.55      0.57      1000
           3       0.52      0.40      0.46      1000
           4       0.60      0.64      0.62      1000
           5       0.57      0.63      0.59      1000
           6       0.70      0.77      0.73      1000
           7       0.76      0.70      0.73      1000
           8       0.80      0.83      0.81      1000
           9       0.72      0.74      0.73      1000

    accuracy                           0.68     10000
   macro avg       0.68      0.68      0.68     10000
weighted avg       0.68      0.68      0.68     10000

