basic_CNN_training_2.h5
              precision    recall  f1-score   support

           0       0.73      0.72      0.72      1000
           1       0.89      0.81      0.85      1000
           2       0.64      0.57      0.60      1000
           3       0.62      0.43      0.51      1000
           4       0.61      0.81      0.70      1000
           5       0.64      0.64      0.64      1000
           6       0.79      0.80      0.79      1000
           7       0.76      0.77      0.76      1000
           8       0.75      0.89      0.81      1000
           9       0.82      0.81      0.81      1000

    accuracy                           0.72     10000
   macro avg       0.72      0.72      0.72     10000
weighted avg       0.72      0.72      0.72     10000

basic_CNN_training_3.h5
              precision    recall  f1-score   support

           0       0.80      0.73      0.76      1000
           1       0.90      0.84      0.87      1000
           2       0.67      0.61      0.64      1000
           3       0.59      0.52      0.55      1000
           4       0.75      0.69      0.72      1000
           5       0.61      0.67      0.64      1000
           6       0.71      0.88      0.78      1000
           7       0.79      0.78      0.78      1000
           8       0.84      0.85      0.84      1000
           9       0.79      0.87      0.83      1000

    accuracy                           0.74     10000
   macro avg       0.75      0.74      0.74     10000
weighted avg       0.75      0.74      0.74     10000

obo_CNN_training.h5
              precision    recall  f1-score   support

           0       0.75      0.79      0.77      1000
           1       0.85      0.87      0.86      1000
           2       0.65      0.60      0.62      1000
           3       0.54      0.57      0.55      1000
           4       0.73      0.67      0.70      1000
           5       0.62      0.69      0.65      1000
           6       0.80      0.78      0.79      1000
           7       0.82      0.73      0.77      1000
           8       0.82      0.84      0.83      1000
           9       0.83      0.85      0.84      1000

    accuracy                           0.74     10000
   macro avg       0.74      0.74      0.74     10000
weighted avg       0.74      0.74      0.74     10000

obo_CNN_training_2.h5
              precision    recall  f1-score   support

           0       0.73      0.81      0.77      1000
           1       0.88      0.88      0.88      1000
           2       0.62      0.65      0.63      1000
           3       0.55      0.48      0.51      1000
           4       0.71      0.69      0.70      1000
           5       0.66      0.61      0.64      1000
           6       0.72      0.85      0.78      1000
           7       0.83      0.75      0.79      1000
           8       0.83      0.87      0.85      1000
           9       0.87      0.82      0.84      1000

    accuracy                           0.74     10000
   macro avg       0.74      0.74      0.74     10000
weighted avg       0.74      0.74      0.74     10000
